0
1
1
10
11
101
1000
1101
10101
100010
110111
1011001
10010000
11101001
101111001
1001100010
1111011011
11000111101
101000011000
1000001010101
1101001101101
10101011000010
100010100101111
110111111110001
1011010100100000
10010010100010001
11101101000110001
101111111101000010
1001101100101110011
1111101100010110101
11001011001000101000
101001000101011011101
1000010011110100000101
1101011100011111100010
10101110000010011100111
100011001100110011001001
111000111101000110110000
1011100001001111001111001
10010101000111000000101001
11110001010000111010100010
110000110010111111011001011
1001110111101000110101101101
1111111110000000110000111000
11001110101101001100110100101
101001110011101010010111011101
1000011101001010011111110000010
1101101011100111110010101011111
10110001000110010010010011100001
100011110100011010000101001000000
111001111101001100010111100100001
1011101110001100110011100101100001
10010111101110110010110100010000010
11110101100000011001010000111100011
110001101001111001100000101001100101
1010000010101111100101010110001001000
10000001111111110110001011011010101101
11010010010101110010110110001011110101
101010100010101101001000001100110100010
1000100110101011011011110111110010010111
1101111011000001000100111001011000111001
10110100001101100100000110001001011010000
100100011100101101100101101010100100001001
111010111110011010000110011011101111011001
1011111011011000111101100000110010011100010
10011010011001100001110010100010000010111011
11111001110100101001011110101000010110011101
110010100001110001011010001001010011001011000
1010001110000010110100101111110010101111110101
10000100010010001000000000000111101001001001101
11010110000010011110100110000101111111001000010
101011010010100100110100110001101101000010001111
1000110000010111000101001100010011100111011010001
1110001010101011101011110010100001001111101100000
10110111011000010110000111110110100110111000110001
100101000101101110011100110001010110000110110010001
111100000000110001001101110000001010111101111000010
1100001000110011111101010100001100001000100101010011
10011101000111010000111000010001101100000010100010101
11111110001101110000100010110011001101000111001101000
110011011010101000001011011000100111001001001101111101
1010011001100010110001111101111000000110010000111100101
10000110100110111110011011000111100111111011010101100010
11011001110011010100101010110110101000101101011101000111
101100000011010010011000101111110010000101000110010101001
1000111010001101100111110000110100111001010110001111110000
1110011010100111111010110110110011001001111111000010011001
10111010100110101100010100111101000000011010101010010001001
100101101111011101011101011110011011001101010100010100100010
111101000100010011000000000110000011010000101001100110101011
1100010110011110000011101100100011110011101111101111011001101
10011111111000000011011101101010100001101110100111100001111000
100000010101011110011111011001111000000001100100101011101000101
110100010100011110111011000111001100001111011001100111110111101
1010100101001111101011010100001000100010000111110010011100000010
10001000111110011100010101101000010000100000010111111011010111111
11011101101000011001110000001001010100110001010110001110111000001
101100110100110110110000101110001100101010001101110001010010000000
1001000100001111001111110101111010111010000011000100011001001000001
1110101010110110000101111011101100011111010100110010100011011000001
10111101111000101010101110001100111011001010111110110111100100000010
100110011001111011011011101101010011111000101100101001011111111000011
111110001001000000110001011110111011010010000100100000011100011000101
1100100100010111100001101001100001111001010110001001001111100010001000
10100010101011111100111110101011001010011100110101101010011000101001101
100000111001110111001001011110111011001100111100110110100010100111010101
110101001111010110110001010100010100100000100011100011110101101100100010
1010110001001001101111010110011001111101101100000011010011000010011110111
10001011011000100100101100000111100100001110000011111110001110000000011001
11100001100001110010100110111010110011111011100100011000100110010100010000
101101100111010010111010011000010011000001001101000010110110100010100101001
1001001110011100001001111001111101001100000101001100101111011010101000111001
1110111011010110100001001100111111100100001110110101000110001110111101100010
11000001001110010101011000110111100110000010100000001110101101001100110011011
100111000101001001001100010011111100010100100010110110111011111000100011111101
111111001110111011110111011010111001000100110110111000110001100010001010011000
1100110010100000101000011101110110101011001011001101111101101011010101110010101
10100101100011000000111011001001101110011110010000101000011110111100111000101101
100001011110111000101111110111000100011110111101010011000001100010111100111000010
110110001011010000110111010000010010010010101111011000000101011010100011111101111
1010111101010001001100111000111010110110001101100101011000110111101100000110110001
10001101110101011010011110010111101001000100011100000011001100011000000100110100000
11100101011111100100000101011110111111110110001000101110010011010101100101101010001
101110011010100111110100011110110101000111010100100110001011111101101101010011110001
1001011000110100100010101001010101101000110000101101011111110011000011010000001000010
1111001100001001100001001101001100010001101011010010010001010010110000111010100110011
11000100100111110000011110110100001111010011011111111110001000101110100001010101110101
100111110001000111100101000011101110001100000111010010000010011000100101000101010101000
1000000010110000101101000111010010000000110100011010001110011011110011001010000000011101
1101000000111001101001101111101111110010010101010100011110101110110111110010101011000101
10101000011101010010110110111000001110011001001101110101101001010101010111100101011100010
100010000100100100000000100110110001100101011111000011001011111001100010101111010110100111
110111001000001110010111011101110011011000101000110001111001000100001101101100000010001001
1011001001100110010011000000100100100111110000111110101000100111101110000011011011000110000
10010000010101000000101111100010011000010110110000100110111110000001111110000111011010111001
11101001100001110011000111100110111101010100111000011100000010111111101110100010110011101001
101111001110110110011110111001001010101101011101001000011000001000001101100101010001110100010
1001100011011000100110111110110000010011000000100001011111000100000001011011001101000010001011
1111011101001111011010110101111001101000101100001010100010000101000011000111110111010000101101
11001000000101000000001110100101001111011101100101100000001001001000100100011000100010010111000
101000011101110111011100101010100011100100011000110110100011001110000111101010111011100011100101
1000001011110011111011110011111001101100000000101100010100100010111001100001101111111110110011101
1101001111100010110111011001001110001000100011110011001000111100101010011111000111011011010000010
10101011011010110110011001101000111110100100100011111011101011111100100000000110111011010000011111
100010101010111001101010100110010101111101001000010010100110011100001110011111111110110101010100001
111000000110010000011101110011011101110001101100110010000011111011110010100000110110001111011000000
1011010110001001010001000011001110011101110110101000100101010011000000001000000110101000100101100001
10010010110111011010100110001101010001100000100001110110101110010011110011100001101011010100000100001
11101101101000100100101110100111000101001111010110111011011000101011110100100010100000011000110000010
110000000011111111111010100110100010110101111111000110010000110111111101000000100001011101100110100011
1001101110001000100100000011011011011011111111001111101101011111101011011100100110101100000101100100101
1111101110101000100011011000001111110010101111001000011111100110101011000100101010110111110010011001000
11001011100110001000111011011101011001110101110011000001101000110010110100001010001100011110111111101101
101001001011011001101010110011111011000001011101100000101100101101000001100101111100011011101010010110101
1000010101000001010110010001111100110010000001011111000111001110011011000000111001101111111100010010100010
1101011110011100100011101000011100001010001101001011001100110100000011001101101001010011011001100101010111
10101110011011101111001111010011000111100001110101010010100000010011110001110100011000011010101110111111001
100011010001111010011101100010110101000110011011110101100000110110100001011100001100010110101111011101010000
111001000101011000010111011101001110000010101010011111110100111000111111101010101111011010000101010101001001
1011100010111010010110101000000000011001001000110010101010101101111100001000110111011110000110100110010011001
10010101011100101011001100011101010001001011110000110101001010101000100000110001101011001010111010000111100010
11110001110011111110000001011101010100010100110111001010100000011000000001111000100110111011101110111001111011
110000111010000101001001101111010100101100000100111111111101011000000100010101010010010000110101001000001011101
1001111001000100100111001111010111111001110101011111001010001011011000100100100010111001000010010111111011011000
10000000000010101010000011101010010011111010110000111001001110110011001000111001101001011001001000000111100110101
11001111001011001110111101100101010011001001011100110010100000001110001101011110000000100001011011000111000001101
101001111001101111001000001001111100111000100001101101011101111000001010110010111101001111010100011001110101000010
1000011110011001000111111110110100111010001101101010011110001111001111100011110101101010011011111110010101101001111
1101101101100111000001000000000100100001010001111000001001111110010000111010001101010100010110100001100100010010001
10110001100000000001000111110111001011011011111100010101000001101100000011110000010111110110010011111111001111100000
100011111001100111001001111110111101111100110001011010110010001011110001011000010000010011001001000001011110001110001
111010000101100111010010111101110111011000010000111101011010011001010001110110010011010001111011100001011000001010001
1011101111111001110011100111100110101010101000010011000001100100101000011001110100011100101000100100010110110011000010
10011000000100110101101111111010101100101101010011010101100110111110010101000100110110110111000000000100001110100010011
11110110000100000100001100110111100010000010010101101101110011100011011000010011011010011100000100100111000100111010101
110001110001000111001111100110010001110101111101001000011011010100001101101011000010001010011000100101011010011011101000
1010000100001100111110001001101001110000110001111110110001001110000101000101101011101011101111001001010010011000010111101
10000010010010101111000000110011011111111100001100111110100101000100110110011000011111101000010001101111101101011110100101
11010010110100010110110010000000101110000010011100110100101110110101011111000101111101000110001010111010000000100001100010
101010101000111000101110010110100001101111110101001110011010011111010010101011110011100101110011100101001101110000000000111
1000100111111011011100100100110100111100000001000110101000000010101111110100100100011001110100100111100011101110100001101001
1101111101000010100010010111101001001001111111110000011011010110101010001010000010110110100011000100001101011100100001110000
10110100100111101111110111100011110000110000000110111000011011001011001111110100111010000010111101011110001001011000011011001
100100100010000000100001010100000111010000000000100111011110110000000100001000101010000110111010101111111110100111100101001001
111011000110111110100000010000100101010110000001011110100010001001011110000111010001010111010010011011101111110010101000100010
1011111101000111111000001100100101100100110000010000110000000111001100010001111111011011110001101001011101110011010001101101011
10011010101111111101100001110101010001111100000011100100100011000011000000010111001100110101011111100111011110001100110110001101
11111010011000111100100011011001111110100010000101101010100011111100100010100111001000010011101100110011001100100111000011111000
110010101001000111010000101001111010000011110001001001111000110111111100010111110010101001001001100011010101010110011111010000101
1010001111100001110110101000101001001111000000001110111001101010111100000101100101011101011100111001001101110111011010111101111101
10000100100101010110000101101111000011111011110011000001000110001111011101000100011110010100110000101101000100010001110111000000010
11010110100001100100111010110100001101110011110100111000010011100110111101110001001010000000010111110110110011001101001110101111111
101011011000110111011000000100011010001101111100111111001011001110110011010110101101000010101001000100011110111011111000101110000001
1000110001101000011111111011010111011111100011011100110001101101011101011000100110110010010101100000011010101010101100010100100000000
1110001100101111011010111011111010110001010011000100101011000111010011110011011100011010101010101000111110100010001011011010010000001
10110111110010111111010110111010010010000110110100001011100110100110001001100000011001101000000001001011001001100110111101110110000001
100101001011000111010101110011001101000010001001100110000111111100000100111111011111100111101010110010010111101111000011001001000000010
111100001001011111010000101010011111010011000000000111100100110000110110001011100010110100101010111011110000111011111010110111110000011
1100001010100100110100110011101101100010101001001101101101100101100111011001011000010011100010101101110001000101010111110000000110000101
10011101011110000101110111001000001011101000001001110101010001011101110001010110100101010001000000101001111001100110111000111000100001000
11111110110010101100011101100101110111111101010011100010111110001010101100100001100111101101010110011000000010010001110110111001010001101
110011100010000110010010100101110000011100101011101011000001111101000011101111000001100111110010111000001111011111000101111110001110010101
1010011011000011011110110010010011111011100010110000111011001101110011001010011001110100101011101101011001111110001010100110101011000100010
10000110111010100010001000111000001111111001000001110010011011101011011101000010010000001101010000100011011111010000011010110011100110110111
11011010010010111101111111001010101111010101010111111001110101011001110110010101011110110010101110001110101111000001101111101000111111011001
101100001001101100000001000000010111111001110011001101100010001000101010011010111101110111111111110110010001110010010001010011100100110010000
1000111011100000011110000111001101101110100011110001100110000110011111001001101101001101110010101101000000111101010011111010000101100101101001
1110011100101101111110001111010000101101110010001011010010010111100100011101000100111100110010101011110011001011100110000100100010001011111001
10111011000001110011100010110011110011100010101111100111000011110000011100110110010001010100101011000110100001000111001111110100111110001100010
100101110100111100011010100101101111001010001000001000001010110101101000000011110111000111011000000100100111010100100000000011001001111101011011
111101001101001010110110111100001101100110011110000101000011010011101011101010101001010001111101011101011011011101011010000001110001101110111101
1100011000010000111010001100001111100110000100110001101001110001001010011101110100000011001010101100010000010110001111010000100111011101100011000
10100000001111010010001000011110001010010111000100010010010001011100111111011001001001101011010010111111011110001111010100000110101101011011010101
100000011010001011001011010000000000111000111101010011111011111100110010011000111101010000100101000100001100001000001001110001011101001000111101101
110100011100000101011100010011110010001011110101110110001110001000011010010100000110011101111111011100000111111010000100010010010010110100011000010
1010100110110010000100111100011110011000100110011001010001010000101001100101101000011101110100100100000010100000010001110000011101111111101010101111
10001001010010010110000011110111100101010000101001000000011000001101100111000001001010001100100011111100011011111100010010010110000010110001101110001
11011110001000100110101011011011011000010101011100001010100010010010110011101110001101111011001000011100101111111110100000011001110010101111000100000
101100111011010111100101111010010111101100110000101001010111010100000011010101111011000000111101100011001001011111010110010101111110101100000110010001
1001000101100011100011011010101110010101111011100001010101011100110011001110011101100110000010110100110101111011111001010011001001101000001111110110001
1110101100111110100000001010000001010011100001100110100000010111010011101001001100111110001010100001001111000111110100000101111001011101110000101000010
10111110010100010000011100100101111101001011101000111110101110100000110110111101010100100001101010110000101000011101101011001000011000110000000011110011
100110011111100000100011101110110000111100111110101110010110001011011010100000110111100010010111110111010100001011100001011110111100100011110001000110101
111110010010000010100111010011100000100110011011110110001011111111100001011000100010000110100101001101011001001111001110110111111111101001110001100101000
1100100110001100011001011000010010001100011011010100100100010001010111011111001011001101000111101000100101101011010110000010110111100001101100010101011101
10100011000011100101110010010101110010001001110110011010101110001010011101010001111011101111100010010010000110101001111111001110111011110111010100010000101
100000111110101001000111101011000000011101101010000111111010000010101011001001011010101011000011111010110110100000100101111100101111000000100110110111100010
110101010111000101110101111101101110101110111000111011001111110011111110110011101010001001000000001101000111010101110101110110100110011111100001011001100111
1010110010101101110111101101000101111001100100011000011001001110110101001111101000100110100000100000111111101110110011011110011010101100000001000010001001001
10001011101100110100110011100110011101111011011011111110011001101010101000110000101110111101000100010101000101001100010001101001111011111111101001101010110000
11100010000010100011110001001111001101000111111111000001100011100001010010101101110011110001001000011101000011000010101101011101010001011111110001111011111001
101101101101111011000100100110101101011000011011010111111111101001011111011011110100010101110001100110010001000001110111111000111001101011111011011100110101001
1001001111110001111100010110000100111000001011011010000001100000101101001110001100010110011111010101001111001011010001101100100100011110111111001101100010100010
1110111101100001010100111010111010100011001110110101000001011101111001001001101010111001001101100010000001010011100000101011101011101100011110101001001001001011
11000001101010011010001010000111111011011011010001111000010111110100110010111110111001111101100110111010000011110110010011000010000001011011101110110101011101101
100111001010110100100110001011111001111110101001000100000100011100011111100001100010001000111010011001010001110010010011000011111011110111111100011111110100111000
111111011000000111110111011100111001011010000011010011000111011011000101111001011001011000100111010000100010010001000101011100001100000011011010010110100000100101
1100110100010111100011101101000110011011000101100010111001011110111100101011010111011100001100001101001110100000011011000100000000111111011010110110110010101011101
10100101111011000100010101000101101100110010101111101010010011010010101011010100010100111010001000111010010110010100011101111100010011111110110001001100110110000010
100001100011110000000110010101110100000001011011100000001011111001010010000101111010000011011101010100100001010010111110110011100011011111010001000000011001011011111
110110010011001000101000111110100001100111110001011101011110010011100111100000011100101010101110011011110100000101100010100011000101111111000111001010000000001100001
1010111110110111000101111010100010101101001001100111101101010001100111001100110010110101110001011110000010101011000100001010110101001011110011000001010011001101000000
10001110001010000001011000010010110111010000111110011011001000100000100001000110110011011000111010001100001001011110000011111001101111011101011111010100011001110100001
11100110000000111010000111100111001100111010001011011000110010101101011010101101001010000111000101111100011110110110100101010000011000111011110111011110110011011100001
101110100001010111011011111111010000100001011001001110011111011001101111011110011111101100000000000001000101000010100101001001010001000011001010110110011001101010000010
1001011010001011110101100111100001010001000101010101001100101101111011010110100001000111100111000110000101000111001011001110011010100001010101001110010010000000101100011
1111001110010110110001000111011011010101010000011111000000101001001001010010010101000101000111000110001101101111011111110111100100101001101110100101000101001101111100101
11000101000100010100110101110111100100110010101110100001101010111000100101000110110001100101110001100010010110110101011000101111111001011000011110011010111001110101001000
100111110110111001010111110110010111111011100110010011001110000000001101111011001011010001110101010010100000100110001010111101100011110100110010011000011100011100100101101
1000000011111011011111110100101010100100001111100000111011011010111010010100100000001011110100011011110110011011100110110000011100010111111110110001011110011101011001110101
1101000010110010101010110011011101100011101100010011010101001010111100000011111001100110000011000110001010100000011000001000001000110110100101000100100010000000111110100010
10101000110101110001010101000001000000111111011110100010000100101110110011000011001110001110111100010000000111011111110111000100101001110100011110110000000011110011000010111
100010001001100000110101011011100101101011101000000111100101110000110010011100010011010111111010101000001011011100010111000000101110000101001000111010100010011111010110111001
110111010000001111000000000011101101110011100011111011110110010110101000110100101101001001110010001010001100011000010101111001010011010011101100110000100010111101101111010000
1011001011001101111110101011111010011011111001100000011011100000111011011010001000000100001101100110010010111110100101100111010000001011000110101101011000101011101000110001001
10010000101001111110110101100011000001010010101111111111010010011110000100000101101101101011011110111100100100001101000010110011010100101100100010011011101000011010110101011001
11101010000011101110101011000010010100110001111100000010101110100101011111010110101110001101001011101110111100000001101111101101010110000101011000000110101101110111111011100010
101111010101101101101100000100101010110000100101100000010000001000011100011011100011011111000101010101011100000001110110010100000101010110001111010100010010110010010110000111011
1001100100110001011100001011100111101010110110101000000100101111101001000010110011001010000101110110011010011100010000100010001110000000110111010010101001000100001010101100011101
1111011111011111001001101100001101000000111011010100000110110000101100100110001111100101111110100001000101111100011111010100101110101011101001001101001011011010011101011101011000
11001000100010000100101110111110100101011110001111100001011100000010101101001000010110000000100010111100000011000101111110110111100101100100000011111110100011110101000001001110101
101000100011101111101111100100000001101100101101010000010010010001000010001111010010010110000010111000100110010101001111001011101011011000001001101100111111111001000101100111001101
1000001101000000000010101011011110110011000011111001100011101110001010111111000010101000110000111010000000110101101111111000010101000000100101010001100110100010111101101110001000010
1101010001011110000000100111111111000000101001100011100110000000010011010000111100111011100001010001000101101000011001110001110010011011100110011111001110100010000110011011000001111
10101011110011110000011010011011101110011101101011101001001101110011110001111111111100100010010001011000110011110001001101010000111011100001011110000110101000101000100001001001010001
100010101111111100000011111011011100110100010111000000101111101110110001100000111100011111110011011100001100000110100011011011111001110111110010010000000011100111001010100100001100000
111000001110011010000111001110111010101000000100011101111001011101001111110000111100000100000101100111010010100100101101000110000001010011111110000000111000101100001110101101010110001
1011010111110010110001011001010010111011100011011011110101001001100000001010001111000100011111001000011011110101011010000100001111011001011110000010000111100010011011001010001100010001
10010011001100110000010010011001010010000100011111111100100010101001010001000010110100100111111110101010110001001111111101100111111100011111101110010001110100111111100111111110111000010
11101110001011000110011101100011101001100000111011011011001011110101010010010100101101001011110111101110001111111011001110001001110111101011011110100010110001010011000001010000011010011
110000001010111110110101111111100111011100101011011010111101110011110100011010111100001110011110110011001000001001011001011110001110100001011001100110100100110010010101001001111010010101
1001101111100010111101001101100000100101000110010110110010111010010011110101101100001110111111101110000111010001000110011001111011101011110110101011010111010111100101101010011111101101000
1111110000111010110011111101011101100000101011110010001010101000110010011001000011110000110011100100100000010010010001100101101101100000000001111000001011111101111000010011101110111111101
11001100000011101110001001010111110000101110010001000111101100011000110001110101111111111110011010010100111100011010111111111101001001011111000100011100011010101011101111110001110101100101
101001010001011000100101001000011011100110011101111011001000001011111000100111110011110000100110110111000111110101101001100101010110101011111010011011101111010011010110010001111101101100010
1000010110001110110010110010011011001101100010000000100000101101110111110110110100011110000011010001001101111011001000001100100111111110111110010111111010010101000110100010000001100011000111
1101100000011001110111011011011110101010010101101111111001101111010110111011110010111100001000001000000110111001110101011001010010110100011101101011011000001111100001010100010001010000101001
10101110110101000101010001101111001110111110111110000011010011101001110110010100111011010001011011001010100110100111101100101111010110011011100000011010010100100100111110110010010110011110000
100011010111000010100001101001011000100010001101100000010100001100100101101110011010010110010011100001011011101110110010111111001101100111111001101110101010110100001001001010100100000100011001
111001001101101011001011110111010010011010000101010000101110101001110100100001000001110000011110111010110000100011110000100101001000011011010101110001111101011000110001000000110110111000001001
1011100100100101101101101100000101010111100010010110001000010110110011010001111011100000110110010011100001100010010100011100100010110000011001111100000101000001100111010001011011010111100100010
10010101110010011000111001010111111101010110011000000001110001100000001110110000011101110111010001010110111100110110010100001001011110011110100101010010100101100101101011001100010001110100101011
11110010010111000110100110111000101000010010101010110010110100010110101000111111111001111110000011110011001001001000110111101101110100100001110100110011001101110010100101010111101100110001001101
110001000001001011111100000010000100101101001000010110100100101110110110111110000010111110101010101001010000101111111001011110111010011000000011010000101110011011000010000100011111110100101111000
1001111010100000100110000111001001001101111011101101100111011010001101100000110000010001110011011000111101001111001000000011100101000111100010001110111001000001001010110101111011101011010111000101
10000000010101010000101100111011001110011100100110000011100000000000100011000100000101001101000101110000111010101000111001111011100011010100010101000111110110100100011000110011111101001111100111101
11001111101001010101011101110100011000001100000011110000011011010010001111001010000111011011100000111000100100100001111010011000001100010000100110111110111110101101101111100011011010101010100000010
101001111111110100110001010101111100110101000101001110011111011010010110010001110001100101000100110101001011111001010110100010011101111100100111100000110110101010010001000010111010111111010000111111
1000011111100111111011101000100011111110110100101101100100010110100101000001011000010100000100000111100010000011101100101110101011111011110101100011000101110011111111110111111010110010100100101000001
1101101111100110100001110011010011100101011101010111011000010001110111110011100110100000101100101110001011100010110111100010111111101011011010011111001100101001010010000000010010001010011110110000000
10110001111001110011101011011110111100100010010000100111100101000011100110100111110110100110000110101101101100110100100010001101011100111010000000010010010011101010001111000001100111101000011011000001
100011111110110100111111001111001011001001101111011100010100111010010100101000100101010101011101100011111001001001011011110100101011010010101010100001011111000110100011111000011111000111100010001000001
111010001110000011011100101011000010101110000001100001010001100010110001011101100100001010001110011001100110110000000000000110010110111001111010100011110001100011110101110000101100000100100101100000010
1011110001100111000011011111010001101110111110000111101100110011101000110000110001001011111101011111101011111111001011011111011000010001100100101000101010000101010011001101001001011001100000111101000011
10011000011010111011111000100101010000100101110010011110110111111111110111100011101101101001111010010111000110101001011100000001011001000110011111101001000010001110001111011001110111010000101101001000101
11110110100111110100010100011111011110011101100011011100011110011100111101101001110111001001100110010100100110100010110111111100011011010011000100101110010010111000101001000011000010011100110100110001000
110001111000010110000001101000100101111000011010101111011010110011100110101001101100100110011100000101011101101001100010011111101110100011001100100010111010101000110111000011100111001101101100001111001101
1010000101101010100100100001100100001101100000111001010111110100111001110010110111011011111101000111000000010011101111001011111010001111101100101001000101100111111111100001011111111100001010010110101010101
10000010100101101010100101110101000111100100100001111010011001011010110101000000101000000110000100111101100000000111011011111111000000100000110001101011100111101000110011001111100110101110111111000100100010
11010011010010111111001010000001101001010000101001000101011000000010000011010111100011100101101101110101100010100101010101011110010010011110010110110100010100101000101111011011100110010000010001111001110111
101010101111000101001101111110110110000110101001010111111110001011100111000011000001011101011110010110011000010101100110001011101010010111111001000011111111100010001100010101011001100111111010000111110011001
1000101001001011101000111001111000011010000101110100000101001001011110111011101111101111010001100000101000100101010010000110111011100101011101011111010100010000111010010010000110110011001111100010111000010000
1101111111000100010010101001101111001010111010111111000100111010111011110100000111111010111101010011011011100111111110111000011000111000011100100111110100001101001011110100110010000000001110110011110110101001
10110101000001111111011100011100111100101000000110011001010000100011010101111110111101010001110110100000100001101010000111111010100011101111010000111001000011110000110000110111000110011011110010110101110111001
100100100111010100001110001101010110101111111011110010001110111111010110100011111111100101001100000111011111110101001111110111101101010110010110101110111100101011010001111011101010110011101101001010100101100010
111011001111100100001001110000111110010100111100100101011001000011110001010011110111001111011010111011100100000010100000110111000001110100010000110110000101001001011000000010100011100111001011100001010100011011
1011111110110111000010111111110010101000100111000010111101000000011000111110111110110110100100111000011000011110111110000101110101111001010100111100101000001110100101001111110001110011010111000101011111001111101
10011011000110011100100001101111010011011001110100111101000001000110111001001011101110000100000001111110100111111010010001100101110000111110111000011011000110111110000010000000110010000010000100001101001110011000
11111010111101010100111001101101101000011110101101010100101001001010000001000011100100111000101001000001101011110010000010010100100000001001100000000000001000110010101011111111000000011100111100111001001000010101
110010110000011110001011011011100111011111000100010010001101010010000111010001111010010111100101011000000010011101100010011111010010001001000011000011011001111110000101101111111110010011111000001000110010110101101
1010010001000001000110010101001010100100010111001111100110010011011010111011010010110111110101010100000001111111011110010110001110110001010001111000011011011000100011011001111110110010111011111101111111011111000010
10000100111000100110111110000100111100000001111110001110111111101101011110101100010001010110001111111000010010011001010101010001001000010011010010000110110101000010100000111111110100101011010111111000101110101101111
11010111000000101111110000101110010000100100111000001011110010001000110110000110101000010100111010011000100010010101001000000010111110011101100001001010010000000110111100001111101011000010110111101000101010100110001
101011011111001010110101110110011001100100110110110011010110001110110010100110010111001101011001010010000110100101110011101010100000110110000110011010001000101001001011101001111011111101110001111100001011001010100000
1000110010111010000110011111100001011101001011101110100110100011111111001010111001100010000000000100101001010111000011100101010111000101001110010100011011010101010000011001011111001010110001000111001010000011111010001
1110001110110011011101001110010100101001110010100101000001010101110101011111101100011011101011001110111010001011110010000010101011001011111111000111101100011010011001110110101110101010011111010110101011011101001110001
10111000001101101100011101101110110000110111110010011100111111001110100101010100101111101101011010011100011100010110101101000000010010001001101011100000111101111101010010000001101110101010000011101110101100001001000010
100101010000100001000000111100001010110000110000111000101001001111101010001010010010011001010110100010011101101110100111101010101101011101001100100011110100001010000100000110111100011111101111110100100000111110010110011
111100010010001110100100101010000000110111101111001100010001001001011110110100111000010111000001110110000001010001011101010010101111101110011001111111111011111001101110010111001010010101000000010010010110011111011110101
1100001100010101111100101100110001011101000100000000100111010011001001000111111001010110000011000011000011111000000000100111101011101001011100110100011110000000011110010011110000110110100110000000110110111011101110101000
10011101110100111110001010010000001100100000001111010001001011100010100111110100000011000111011010001110100000010001100010010000001100111010000000100011101011111101100000110101010001001001110000011001001101111101010011101
11111111010111101101101111110110011000001000101111010110000101111011110000110011001101110111110010100110111111010001100111001101101010000101100111000111011100000001010011010011010111111110100000100000000101011011001000101
110011101001100101011111010000110100100101000111110100111010001011110011000100111010000111111001100110101011111100011001001011101110110111111100111101011000111111110110100001000101001001000010000111001010011011000011100010
1010011100100100011001101001111100111100110001101101111101010111011010001001011010011110110110111111011100011110110100110000101011100001000101001110110010100100000000000111011100000001000110110001011001011000110011100100111
10000111001110001000101100100000011100001011010101100100100101000111000100010000001101111110110001100010001111110010111111010001001011000000100110110011101101011111110111011100100101010001111000010010010101100001100000001001
11011010110010101011111001110000000011110001100011010100010000000010010101011011100001110101101001011101110011101001100101010110100111001001010000101010000001111111111000011000000101011010101110011101100000100111111100110000
101100010000000110100100110010000011111111100111000111000110101001001011001101011101111110100011011000000000011011100100100100111110010001001110111011101101111011111101111110100101010101100100110101111110110001001011100111001
1000111100110011100000100000000000100011101110011100001101000101001011101111000111010001101010000100011101110111000110001001111110011001010011001000000111110001011111101000001100110000000111010101001101010110110001011001101001
1110011110110100010101000110010001000011101011010101000101111010010101001000110011000001011110011111011101111010100010101110100110001011011100111111100101100000111111011000000001011010110011111011111101001100111010110110100010
10111011011100111110101100110010001100111011001110001010010111111100000110111111010010011001000100011111011110001101000111000100100100100110000000111101101010010011111000000001110001010111011010001001010100011101100010000001011
100101111010011100001010101100100010101011000101000110011000111001110110000000101101010100100111000011011001101100001011100111001010110000001101000111010010110011011110011000001111100101101111001101000111110000100111000110101101
111101010110000100000000010010110100010010011110110111101011111001010110111000100111100111101111100111010101011101110100011111101111010100111101001111000000000101111101011000011101110000101010011110010010010100010011010110111000
1100011010000100000001010111111010110111101100011111110000100110011001100111001010100111100010110101010101111001010000000000110111010000101001010010110010010111001011011110000101101010110011001101011011010000100111010011101100101
10100000100110100100001011010010001011010000000010110101110000101100100011110001111100100100000110010010000100100111110100100110101001011010000111100101010010111111011001001001001011000111000100001001101100011001001101110100011101
100000011110111000100010110010001100010001101100110110011110101011111110000101011010001100000011100111100110011110001110100101101100011011111010001111011100101111000110100111001111000011101011101110101000110011110001000010010000010
110100100011101101000100001100011101101011101101001101001100110001100010100011101001110000100100011001110111000011001101001010100001100111001011001100000111000111000001110000011000011100100100001111110110010110111010110000110011111
1010101000010100101100110111110101001111101011010000011101011011101100000101001000011111100101000000001011101100001011011110000001110000011000101011011100011110110001000010111100111100000001111111110011111001010101011110011000100001
10001001100110010010101011001011000111101001000111010000111000001111000011001100101101101101001100011011010100100100101000111010101111101010010000100111101010111101001010000111111111111100110100001110010101100001100110100011111000000
11011110101000111000010010001001110001100110100001010100100011101100100011110101110001101001110100011100110010000110000100101010111101101101010110000011001110110011010010011111100111011101000100001100110100101100010010010110111100001
101101000001111001010111101010100111001001111101000100101011011111011100111000010011111010111000000111000000110101010101101100101101101010111100110101010111001110000011100100111100111011001111000011011001010001101111000111010110100001
1001000110111000000011001111011110101010110110001001111001111111101000001010111000010001000000110101010100111000110000110010010000101011000100111100101110001000100011101111000111001110110110111100100111111110111010001011010001110000010
1110101111000111001110001100110011100100000101110010011111011011100011110001111010110000010111110110001100111111011011011111110110011000011100100011011001000010010100001011101110110110010000110101000011001001001000000100001100100100011
10111110101111111010001011100010010001110111011111100011001011011001011111100110011000001011000101011100001111000001100010010000111000011100001100000000111001010110111111010110110000101000111110001101011001000000010001111011110010100101
100110100101000110011111101001000101110011000001101110111000110110101111101110101101110001110000100001101110110111100111110001111101011011111110000011100000001101001100000110100100111011011000100110101110010001001010010011101010111001000
111110011011000101110001000101011000000001111101101011010010010001111011101011100000110011001001001101010000101111110100000100000100011111011111100011100111011000000100000001011011000000100000011000011001011001001100100011001001001101101
1100101000000001100010000101110011101110100111111011010001011001000101011011010001110100100111001101110111111100111011011110110000001111011011101100111000111100101010000000111111111111011111000111111000111101010010110110110110100000110101
10100011011011010010000001110011110101110110111101000101011101011010100111000101101111011000000010111100010000010111001111111010000110011010111101001010101110111101010100001001011010111100011001010111100001000011100011011001111101010100010
100001000011011011110010010100010010011101011111100011111101000100011010010011111111101111100111100101011001111111110101011110000001000010110011010110001110110100010100100010001011010111000010010010110101000101101111010010000110001011010111
110101011110110110000010100010110001001100010111001100101000101111101111001100101101101010100111111100111100000010101111011101010001110110001010111111100100101011111111000011010110101110100101011101110001001110001011101101010101110101111001
1010110100010010001110100110111000011101001110110110000100101110100001001100000101101011010001111100010010110000010100100111011010010111000111110010101110011100000010011100101100010000101100111110000100110010011111010111111011100000001010000
10001100000001000111110111011001110100110110001101111101001110100011111000101101011011000100110111011111010010000101010100011000100100101111001001010101011000001100010010101000111000110100001101001110010111100010000110101100110001110111001001
11100010100011011001101100010000111000100000000100101101110100011000000010001110001000011111000111000001101000000111111001010011110111101000000111101011001011101100100110001110011010111001110100111110111101110110000001101100001101111000011001
101101110100100100001100011101010101101010110010010101011000010111011111010111011100011100011111110100000111010001101001101101100011100010111010001000000100011111000111000110111010011101110000010001101010101011000001000011000111111101111100010
1001010001000111111011001111111011100101110110010111011000110111010011111101001001101100000011000101100010100010010101000111000000010011111111011000101011101111100101011111000101101110100111110111001100010011001110001010000101001101100111111011
1110111111101100011100110011100110010011001100101010000011111010001111111000000101001111100111000100000011011100100010010100101100110000010110101001101100010011011110010111111101000010010101111001011001101000100110010010011110001101010111011101
11000010000110100011000000011100001111001000011000001011100110001100011110101001110111011101010001001100101111110110111011011101101000100010110000010011000000011000011110111000010110000111101110000100101111011110100011100100011011010111111011000
100111010000100000110100110111001000001100001111101011100000101011110011101101010100001011010001001101101001011011011001110000011001110100101100101100000100010110100010001110111111110011010011101001111111100100011010101111000001101000010110110101
111111100001010101001100111010101010000101010010101100111101011101010111100010100011000110111011010111001111011010010001001100000110111001000010101110011100011001100110000110000010100100010001011010100101100000001111001011100101000011010110001101
1100110110001110110000001110001110010010001100010011000011110001001001011001111110111010010001100100100111000110101101010111100100000101101101111011010100000110000001000010101000010010111100101000100100101000100101001111010100110101011101101000010
10100110010011001011001110101100011100010110110101000101011011100110100010110010011010011001000111111100001000001111111100001000100111100110110010001000111101001001101110011011000100111011110110011111001010100100111001000110001011101111000011001111
100001101000101000001010000011110001110101000010111011101111001101111101110000010010001101011010100100001000001000101100111000101001000010100100001100011011101111001110110110000000111010011011011100011101111101001100011000000110010011010110000010001
110110011011000001100011111001010101010111111001100100011010101010110010000110100101100000100011100011101001001010101100011001101101111111011010011101100011011000011100101001011001100001111010010000010111010001110011100000110111110001001110011100000
1011000000011101001101101111101000111001100111100100000001001111000101111110110110111101101111110000111110001010011011001010010010111000001111110101001111111000111101011011111011010011100010101101100110101001110111111111000111110000100100100011110001
10001110011110101011010001110110011100100100110110000100100100100011100001111101011101001110100001101011011010011110000101101100000101000001011001000111100010100000001000001000110011111110001111111101001100100000110011011001110101110101110010111010001
11100110100010010100111111110011100011110001110010100100101110011100010001110100010100111100011111110011001011110001011110111110011100000011010111110001100001100111110011101000001110011010100101101010000001101111110011010010110011111010010111011000010
101110101000001000000010001101010000000010110101000101001010010111111110011110001110010001011000001011110100110001111100100101010100001000100110000111001000100000111111011110001000010011000110101100111001110010000100110101100101001110000001010010010011
1001011011100011010101010001011101100100001000011011001110000001011100000101100110000111000111100001010001110010000001000011101000111101001000001000101010100101101111101111011001010000110011011011010001010000000000011001111111011101101010100001101010101
1111010000100100010101100011000111100100011111000011110111010100011011111001010111111001010010100010110000011000010000101000010011011110001100111001100011101001110111101011001010010011001100010000111000011110010001000000101100000111011010101011111101000
11000101100000111101010110100100101001000100111011111000101010101110111111110111110000000011010000100000010001010010001101011111100011011010101000010001110001111100111011010100011100011111111101100001001101110010001011010101011100101000101001101100111101
100111111100101100000000010111101100101101000110100010111100101010010011111000010101111001101100100110110010100010100010010100001111111001100001111011110001111001011111000101101101110111001011111101000010001100100010011011010111101100011111111001100100101
1000000101000110011101011001100010001110101101110000010000010000000001011110111010011111010000110101010110100101100110100000000001100010100110110111110000000001001000110100000010001011011001011101001001011111010110011110110000011010001100101000111001100010
1101000100101011111101011100011111110100010110100100100111110101010011111101111101001110011110011010001100111001111010110010100011100001110011000111001110010000010100101100101111111010010010111100110001110000111010110010001011010111110000101000000110000111
10101001001110010011010110110000010000011000100010100111000000101010101011100110111101101101111001111100011011111100001010010100101000100011001111110111110010001011101100000110010000101101100011001111011010000010001010000111011110001111101010000111111101001
100010001110011110011000010010100001110111011010111001011111111010101001011010110100111100001101101001110000011001011100000101001000100110001101000110001100100001110010001101100001111111111111010110101101000001001100000011000111001001101101111001000101110000
110111011000010000110011001000100011111010011111001110010111111111111110110111101100101001111100111001010011111000111101010111101101101010100111000101001010110011001111101110010100000101101011110000101000010001011101010100000010111011101011001010000101011001
1011001100110101111001011011011000101110001111010000111110111111010101000010010100001100110001010100011000100010010011001011100110110010000110100001011010111010101000001111011110110000101101011000111010101010010101001010111001010000101011001000011001011001001
10010000111110111111111110100011101001101100011001010110001111111010100111001010001110010000000111011100011000001011010110110100100011111011011011010000100010001000010001101010001010001011010110110111111101100100000110101011001101000001000100001101010000100010
11101010100101101111001001111110101111011110010011011110000111110101001111011100101111110110010001111111011100011101110000010001011010001100001111011011111001011101010011100110000000010001000001111111010010110110110000000010010111000110011101010000011011101011
101111011100100101111001000100010011001001010101100110100010111101111110110100110111110000110011001011011110100101001000111000101111110000111101010101100011011100101100101010000001010011100011000110111010000011010110110101101100100000111100001011101101100001101
1001100110001010011110010010100001001000101001000000010010011111100101000110000011101101111100101011011011010001000110110111010111011000010011111010001000010101000010111000110110001010101101011010110110100011010001100110101111111011001101111110101110000111111000
1111100001101111001101011011000011100001110011101101000110110111010100111100101010101100000011000100110111000101101111111110011101010110011011100100110100110000101000011110000110010101001001110011101101110011101100011101011101011111010101100000001011110100000101
11001000111111001101011101101100100101010011100101101011001010110111010000010101110011001111111110000010010010110110110110101110100101110101111011110111101000101101011010110111100011111110111001110100100010110111110000100001101011010100011011110111001111011111101
101000101001101000111001001000101000001100010000011010100000001110001110111111011001000110000010110101001001011100100110110100010010000101001011000011110001110110010011110101000010110101000001000010010010001010101010100001101010111001111000111111000101110000000010
1000001110001100010100100110110001100110110101101000111111001100101001001000010000111100000000010100101011011110011011101101010000110110011111010100010101110111011111111001011111111010100111000010000110110100001101000100101111000010100011100011101111111101011111111
1101010011011001011011101111110110101000010111101100010011001110011011000000001100000100110000101011010100101010000000100011110011000111001000101100110100000110010010011000001000010001001111001010011001000101100010011000111100011001110010101011101000101011100000001
10101100001100101110000010110101000001111001101010101010010011011000100001000011101000000110001000000000000001000011100010001000011111101101000000001001001111101110010010001101000001011110110001100011111111001101111011101101011011100010110001111011000101001000000000
100010110100111111001100000110011110110111100101000001100101101001011111001000101001000101100001101011010100110010011100110100110111000100110000101101111110000100000100101001110000011101000101010110111000111111010001110110100111110110001000111011000001010100100000001
111000010110100100111100011101000111000110110010010110111000000100100011010001000110000110010010101011010100111010111001000101111011000010011000101111001000000001110110111011011000101000111011100011011000111001000001010100010011010010011111001010011001111101100000001
1011011001011100100001000100011100101111110010111011000011101101110000010011001101111001011110100010110101001101101010101111010110010000111001001011101000110000101111011100101001001000110000000111010010001111000010011001010111011001000101000000101011011010010000000010
10010011100010001001000101000000101101000101001001101111010101110010100101101010110101010010000111000001111110101000001111000000101101001001100010001100001110000111110010100000100001101110111100011101101010110001010100011111001110011011000111001111110101001111100000011
11101110101101101101001101100100010011000011100001000111110011100000101000000100100100011101111011011000101000010101100100111011011111010000101011101001010100001101101110000101101010110100111101010111111100101001100111101010001001100011101111010101010000100001100000101
110000010001111110110010010100101000000001000101010110111001001010011001101101111011001110000000010011010100110111101110011111100001100011010001101110101100010010101100000100110001100100011111001110101100111011010111100001001010111111110110110100101000101110001000001000
1001110000111101100011100000001001010011001100001011111110111100110011110101110011111110001101111101110011001111010011011000110111101011101010111001011110110110100011001110101011110111011000110111001101100100000100100011110011100001100010100101111010010110010010100001101
1111110011001101011001110010101110010011010100110110110110000110000111000011100011010111111110000000001101110110010001001100110011111000000101000111010100011000111000101111010010000011111100110001000011001011011111011111111100111001100001011100011111011100000011100010101
11001100100001010111101010010110111100110100001000010110101000010111010111001010111010110001011111110000001000101100100100101101011100011110000000000110011001111011011111101111101111011010101101000010000101111100100000011110000011011000100000010011001110010010110000100010
101001010111011000010111000101100101111001110101111001101011001001000001111100111010101110001001111110001110111011110101110010011111011011110101001000000111101000010100101101001111111111010010011001010011111011000011100011101101010100100101011110111001001110011001100110111
1000010111011100011010100011000011101100000010110111100100000001011111100110110010010000100010101111100010000000001011010011000001010111111100101001000111010110111110000101011001101111010101000000001100100101010100111100111011101101111101001100001010011000000101111101011001
1101100010010111011101011011110000011011010001100110110001011010100111110110011001100110010011111111010011110111101010000001010101010011011011010010001000010100000000101011000011101111001111010011010111000100101101011001011001011000100001111000000001100001111001001010010000
10101111001110011110111111110110100000111010100011110010101011100000111011101001011110110110110101110110101110111110101010100010110101011010111111011001111101010111110110000011101011110100100010011100011101010000010010110010101000110011111000100001011111001111111000111101001
100011011100001011010101011010100100100010100110000101000110110110101111010011100101011101001010101110001001101111011111010101101011111110110011001101010111111110111111011011100001001101110011100110111010101110101111101111101110011111000000111100001101011011111000010001111001
111001010101111111001101011001011000101001111010100011011100010010110110110000110001010100000001011100111111100111010100101010000010101010001011001000100111101001111110001011111110101100010111111010011110011000110010000110000011100101100000000000011001010101110111011001100010
1011100110010001010100010110011111101001100100000101000100011001001100110000100010110110001001100001011001001010110110011111111101110101000111110010101111111101000111101100111011111111010001011100001011001000111100001110101110010000100100000111100100110110001101111101011011011
10010110001000001001110000001101010101110110011011001011111111011100011100110101001000000101001101101000001000111110001000101001110001010011001001011110100111010010111011110011011110100110100011011011110111100000010011111011110101101010000000111101000000000111100111000100111101
11110010111010010100010011000001010011000010111011110100100010100110000010111001011110110110011001110011010010010100111100101001011111111100000111110100100110111011111001011010111110100000101110111101010000100111110101110001100111101110100001111001100110111001010110110000011000
110001001000010011110000011001110101000111001010111000000100010000010011111101110100110111011100111011011011011010011000101010011010001001111010001010011001110001110110101001110011101000111010010011001001000001000001001101101011101011000100010110110100111000000111101110101010101
1001111011111100110010010110001111111011111100010010110101000100101000100010101000000101110010000001001110101101101000000001111100110001001011011001000111110101001010101110101001011011101000000001010110011000101111111111011111000101000111000100110000001101111010010100100101101101
10000000100111111010000011001011110100100110101101001110101100110101011000010010110101100101101101000101010001000111011000111010000000010011010101010011011000011011001100011110111111000101111010011101111100000111000001001001100100010011111100111100110110100111011010010011011000010
11010000000111100000010101111101110100000110001111100101010101011010011100100111110110010011111101001111000110110100011001001001100110011100110000011100010111000100100010010100001010100010111010101000101111001101000001000101011100111100110101100010111000010110101100111000000101111
101010000101111011010011001001001101000101100111100110100000010001111110100111010101011111001101010010100010111111011110010000011100110110000000101101111101111011111101110110011001001101000110101000110101011010100000010001111000001010000110010011111101110111110000111001011011110001
1000100000110110111010101111000111011100110011001100011001010111101010010001100010100010001101100111100011011110110000001011001101001101001100110110001100000110100100010001000111010100001011101111101111011010100001000011010100011110001101101000000010100111010100110100000011100100000
1101110001100110010101001000010001000101100000001001001101011001111010000110011101001110000111010001110111110110101011111101010000110011111100111011111011110110000011111111111010011101110100100100110110000101110101000101100011011111011110011010100010010110010010111011001111000010001
10110010010011101001111110111011000100010010011010101100110110001100100010111111111110000010100111001011011010101011100001000011110000001001001110010000111111100101000010001000001110010000000010100100101100000010110001000110111111101101100000010100100111101100111101111010010100110001
100100000100000011100100111111101001100111110011011110110100001011011110011110011100111110011100001011010011001100001000000101101110110101000110101110000011110010101100010000111100001111110100111001011011100110001011001110011011011101001010011101000111010011111010101010100001101000010
111010010110100000110100110111000010001010000110110100011010111101000010110110011100101110110001000100101110100001100100001110001100110110010000100000001011101111010100100001111110000001110101001110000001000110100001010111010011011010110110011111101100010001100010011001110100001110011
1011110011010100100011001110110101011110001111010010011001111001000100001010100111001101101001101010000000001101101101100010011111011101011010111001110001111100010000000110010111010010001101010000111011100101100101100100101101110111000000000111100110011100101011101000100010101110110101
10011000110001000101001110101101101101111100000001000111101010000101100100001011010110011011111110010100110000001111010000100010001000100001100111101110011011010001010101010100111000010011011111010101011101110011001101111101000010010010110111011100011111110110111111011110001010000101000
11110111001011101001101000100100011001101101111011011010111001001110000101100000010000001001001011100100110001111100111100110110000100001100111110111100101010110011010110000111110010100101001001011100111010011111111010100010110001001010111000011001010011011100011100100010011111111011101
110001111111100101110110111010010000111101001111100100010100011010011101001101011100110100101001001111001100010001100001101011000001100101110100110101011000110000100101011011100101010111000101000110010011000010011001000011111110011011101101111110101110011010011011100000000101010000000101
1010000111001000011000011111110110100001010111110111111101011100100001101111001011110110101110010101011110010100001001001010001110010000111011100101100111110000111000000001100100011101011101110010001111010010110011000011000010100100101000101000001111000110101111111000100011001001111100010
10000010111000101000111010111001000101001000001110100011111111111110101011000110111011101010011011111010111110110010101010111100110011101101010001100010010110110111100101101000001001000010110011011000001101011000110001011100010011000000110011000000100111010000011010100100011110011111100111
11010011110001101011111110110111111001010011001101100011101011100010111001000000011010100000001110100110110001010011110100001110100101110100101110001111010100111110100101110100101100101110100001101010000111101111001001110100100111100101111000000010100000000110011001101000110111101111001001
101010110101010010100111001110000111110011011011100000111101011100001100100000111010110001010101010100001110000000110011111001011011001100001111111110001101011110110001011011100110101110001010101000010010101000111111011010000111010100110101011000011000111010110110100001101010110001110110000
1000101010011100000000111000101000110111101110101001101011010111000100011101000111110000101010111001001000100001011010010011011001111111010110101110000001000000110100110001010001100010011111110110101100011100110111000101000101100010001100100011000101100111011101001101110110001101111101111001
1110000001000110010101110010011001110110001010000101110011000010100110000001001111000110110101100011101010010001100000110010100101011000111000101101110010101100101010111100101110011000010001001011101110110001111111000000010110011100110011001110001000101110110100000010000011100100001100101001
10110101011100010010110101011000010101101111000101111011110011001101010011110010110110111100000011100110010110010111011000101111111011000001111011011110011101101011111101101111111111010110001000010011011001110110110000101011011111110111111110001001110010110010001001111111001110010001010100010
100100101100101000101100011101011100100100000010110101010001011100010000011111100101111110010110000000011101000100011011111000100100110001001000001001100110011010001010101010101110010011000010001110001010000000110101000101110010011011110010111111010111000101000101010001111101010110010111001011
111011011000001011000011001000011111010001111011100100101111110101111010111101111100110101110110011101001111110111010110111110100100001001010111100101011010000111101010011000101110001101110011010000100101001111101011001011001110011010110010110000100101011011010110100001110111001000100001101101
1100000000100110011101111100101111011110101111110011010000001010010001011011101100010110100001100011101101100111011110010110111001000111010011111101111000000100001110101000011011100100000110101011110101111010000100000010001000000110110100101101111111100100000011011110011110100011110111000111000
10011011011100111110110010101110011011000111111001111110110001001000000110011011011111101010000010111010111100110011001001110101101101000011110111010100011010101001011111011100001010101110101000101111010100100000001011011100001111010001011000100000100001111011110010010101101011100111011010100101
11111011100001110010100010010100010110111101111000011000110010011010010001111001000010011110001111011000101001101110111100101100110101111110010111000011011011001011010100011111100111001111011110001110000011110000101011101101010000000111111110010000011110011100001110001001100000000110010011011101
110010110111110110001010101000010110010000101110010010111100011100010011000010100100010001000010010010011100110100010000110100010100011000010001110010111110101110100110011111011110001111110000110111101011000010000110111001001011111011001010110110001000000011000000000011111001011101101101110000010
1010010010100000100011110111010111001001000011101010110000010101111100101010001101100100100110100001101100010000010001000011001111011001000000100101011011010001000000001000011011011001001101100101001011011100000001100010110110101111100001010101000001011110110100001110101000101011110100000001011111
10000101001011111010101001100011001111011001001011101000111111001011111000010100010000110101110110011111111110110110011001001110001111100000010110011110011000110110100111100010111001011001011101100001000110100010010011010000000001110111010101011110010011111001100001111000111110111100001101111100001
11010111011111111111001000011110001000100001101000111111000001111011011101100101111101011010101010101101100000111000100001101000001010101000011011001001110010111110101000100110010100100011001010001010100010000010011111100110110111110011100000000110011111110000000011101110000100011010101110001000000
101011100101011111001110010000001010111111010110100101000000001000111010101111010001110010000100001001101011111101110111010110110011010001000110001101000001011110101010000001001001101111100100111101011101000100100110010110110111001101010110101100100110011101001100101100111000011010110111100000100001
1000110100001011111000111010011111100000011100011101100111000011000010110011100000001011101011001011111011000000100111011100011110100100110001001100110001111110110011111000101111100010011111110001110110001010100111010010011101110001011110010101101011010011011001101001010101000111110001101010001100001
1110010000110111110010101100100000111000010111010010001111000100001010001001011010011001111011101101001000100000010110010111010100111110111001111110011010001010101001001000111000110000011100011001100001110011001100000101010100101011001001001011010000000111000011001110111100001011001000100110010000010
10111000101000011101011100111000000011000110011101111110110000111001100111100111010100101100110111001000011100000111101110011110011100011101011001011001100001001011101000001101000010010111100001011010111111101110011010111110010011100100111100000111011011010011100111000010001010010111010010000011100011
100101010101111011011110010011100001010001001011000010000101001011010111000110010100111111100010100110001100000001010100001011001000100010100101001001100110010100000110001010100001000011011000100100111001110000111111011101000111000111110000101100001011100001100000000111001101011110000010110110101100101
111100011010111111001001111010100001101001111110110001111011010010100100000011001111100101001001011111001111100010010001111110111100000110010000010100110010011101100011001100001001010110010100110000010001101110110010110100111001100100011000001101000110111011111100111111011110110000111101000111001001000
1100001110000111010101000001110000010111011001001110100000000011101111011001001100100100100101100000101011011100011100110001010000100101000110101011110011000110001101001010110101010011001101101010101001011011111110010010010000000101100001000111001010010011101011101000110101100001110111111111101110101101
10011110001011111001110010001000100100100101001000100101111011110000011111001100110100001001110101100100101011000101111000001001000000101111000101110011001011001111001100100010110011110000000010000101011101001110100101000110111010010000100001000110011001011001011010000110001010111111111101000100111110101
11111111111100110100011010010110100111100000010010011001111100001110011010010110011000101110100001101010000110101001011110010011000101010111111011010001100100000000110101111001011110001001101111011010101000101110010111011000111010111100101001111111101011110110110111001100110111001110111101000010110100010
110011110001000101110001100011111001100000101011010111111110111111110111001100011001100111000010111001110110001101111010110011100000110000111000001000100101111010000000010011100010001111001110001100000000101111100111100011111110101001101001011000110000101010000010001010011000010001110111010000111110010111
1010011110000101100010100110110101110011100101101101011001110100001101010011111001100101100110111000111000111000011000110100101111001011011110111100010110010011010000111000010101110000000011100000111010101110101011010011111000110000001001110101000101110001000111001000011111111001011101110111001010100111001
10000111100001110010000110011010100111111101011001000011001101100001100001101011100110010011111010000000111101010001000001011001011010001100101111101011011000010100000111010110010000001111101010010011010110100101000010000011000100101010111000000001011110110010111011001110010111011101100110001010010011010000
11011011010010011110011011010001010110011010000110101110011100000011001100001010110011000000110001001000000100010100000111111111010011101000100111001110001010101110001110011000111110010000000110011010101100011010011100100010001010101100000110101010001100111011110100010010010110101001010101000011101000001001
101100010110100010000100001101011111110010111011111110001101001100100101101110110011001010100101011001001000001100101001001011000101101110101010110111001100011000010010101101111001110011111110000101110000010111111011110100101001111010110111110101011101011101110101111100000101110000110111011001101111011011001
1000111110000110101110111100111101010100110001100110100000000101100111111010000001001100010101011100010001000101111001010001011000000001011101111110000111101101110000100100001000001100101111110111001000101111011001111011000111011010000011000101010101111000101010100011110011000100110000010000010001100011100010
1110100000111010111111011110101001010011001001000110010001101111001100100111110111100101101010000111011010000111011110011010110000101111010011010101000001010000110010111001110111011011001111100111110110110010011001011001101100101001011010000100000001100100011001010011010011110010110111001011011111011110111011
10111011111000001101110011011100110100111111010101100110001110100110100100001111000110001111111100011101011001101010111101100001000110000110001010011001000111110100011011101111111100111111111011110111111100001110011010100110100000011011101001001010111011101000011110111000110110111100111011011110001000010011101
100101111111111100101101111010001111111011000011110011000011100100000001001001110000010111101001101011000101010100110110000110111001100000000100101000001010001111010110010111110111000011001111000110110110010100001100101110100000101100110111001101011001000001011101001010011010101010011110100111010000100001011000
111101011110111110011100010101110110100010111110011111110101011000110101101011101001001001101001001110110000100010001101110011000010010000110101111011010011001101111001110101110110101011001110100101110101110110000000000011010100110000010100010110110000011110100001000001100001100010000110000011000001100011110101
1100011011110111011001010010000000110011110000010010010111000111100110110110101011001100001010010111001110101110111000011111001111011110000111010100011011101011101010000001101101101101110011101101100101100001010001100110001110101011101001011100100001001011111111110001011111100001100100100101010010010000101001101
10100000111101111001100110100101111101000001000000110010101110010101101100100001000010101010111100001000100110011001010001101100111110000001110000011110110000101011001010000011100100011001101100010010100010000000001100110101001010001101011111111010111001111110011111001101011101101110101010101101010011101001000010
100000100011100110100110000110110000011011111000011000101100111010010100011010110011100001100001111000010011100010000010101100110111001110010101011000010001110001000011010010001010010001000001001111111001110001010011001100110111111101010101011011111000011011110011101011001011001111011001111010111100101101110001111
110100101011010101110010111011100000000100000000011111000010101101000001111110111011110110111001011001011000010101001100111010011110111110100011011100000111110110011100100010100110110100001110110010001110000001010100110011100001001111000001011011001111101011100111100100110110111101001111010000100111001010111010001
1010101001110111100011001000010010000011111111000110111101111100111010110011001101111011000011011010001101011110111001111100111010110001100111000110100011001100111011111110100110001000101010000000010000111110010101000000000011001001100010110110111001000000111011011010000000010001100101001001011100011111000101100000
10001001111010010010001011111101110000100011111001010110110010010100011000011000101011001111010100101011000100001100011100100001110101001011011100010000100001011101111100010111010111111001011110110100010101110011111100110011111010011011011000010010010111110011000010110100111001001001111000011100001011000011100110001
11011111001001001110100101000000000001000011110010001110100001111011101110110010011010100111101111111100110000000011101100001001001011011000010101000100111011000101011100001100001000111110101110110110011101100110100100110100010011100111101111001001011111111010011110000100111011010110100001100111101110111100010010001
101101001000011100000110000111101110001100111101011100101010100010000000111001011000101110111000100100111110100010000001000101011000000100011110001010101011100100011011000100011100000111000001101101010110011011010100001101000001110000011000111011011110111101101100000111001110100100000011010000011111001111111111000010
1001001000001100101111010101111101110010101011011101110011110110001011110101111101100000011110110100100100100100010011110100110100001011111100000110011010010111101000110100101111101001110110111100100001010001000001000110011100100001101010110110100101010111100111111110111110101111110110111011101011101000111100001010011
1110110001010000010000000110111011100100010011001001011001001010011011111101001000100110010101111001001100011000100011111101011111001100011111110111101111110100001100001101010011001010101111001010001100000100011011101000000100101111101101111110000001001111010101011111111000100100010111010101101111100010111100000010101
10111111001011100111111011100111001010110111110100111001101000000100111110011000110000110110100101101110000111100110111110010010011011000011011111110001010001011110101000010000010110100100110000110101101010101011100101110100001010001011000110100100110100110111101011110110111010100001110010001011011001011111000001101000
100110101010101101001111100011110100111011010001110000100110001011000011110000001110101101001010100110111101010101011011101111110010100100111011110101111010000000000001001111010101111111010101010000111001011001111000010110100110000001000110110010100111110110010010111110101111111000100101100111001010101110110100001111101
111110100100001010001111000000101110010010010000010111110011001011101011100011010100110011111111010100101110010010010011100010000101111101010111110100000100001011110110010001011000110011111011010111100110101111010101000101000111010010011111100111001110011101010000011101100111001100110011111000100101111010101100011100101
1100101001110110111011110100100100011001101100010001000011001010110101111010011100011100001001001111011101011100111101111010001111000100010010011101001111110001011110111100000101110110011010000101000100000001001001101011011101101010011100110011001110110010011100011011100010111000101011001011111110000101001100000101100010
10100011110011000001101101100101010001011111110010100000001100100010011010110110111000010101001001010000011001111010000010110011111110011111101011011110000010010111101101110010000111100111001100000000000110111000100010100000110100100110000110000001000100110000110011111001111110010010001101011000010110100100001101001000111
100001001000001111001001100001001110100101101010100101000100101111001001010001010011011110110010011001100000101100001110010000101110111000001111111001000000000100011100101010010110110011010011100101000100111000001101111111100100001111001101100011010111011000100010111010110010101010111100110111000000111001101101101110101001
110101100110100111010111001101111000110001101000111001000110010011011100101000001010100001011011100011100011111011011110100111001110101100001101010100110000010111011010011000100111110000001101000101000101101111010010010011101010110011111110010011011111111110101001011010000010011101001110100010000011101110001111010111110000
1010110101110110110100000101111000111010111010011011110001011000010100101111001011110000000001101111101000100100111101100110111111101100100011101001101110000011011110111000010111110100011100000101010001010100111100000010011001111000011001011110110110111010111001100010100110101001000001011011001000100100111111101000110011001
10001100010101011101110111111101000000001000111100010111010001010110000010100001101000100001101001100000101000100011001011011111001100010000101010100010100000110011010001011011100110010011101101101111010000010110110010100110111001110111001010001010010111010101110101101110110111100101011001111011001000010110001100011110001001
11100011000100010100011000101100000111100000001111110101011100011000101000011011000110100001110111011101101101001010111000010111001001110101000111110000010001001111001000011110100100110111001110011001011010111110010010111010001000111010010110000001001110101101000010000011101100101101100101010100001100111110001001100100100010
101101111011001110010010000101001000111101001001100001100101101101110101010111100101111000011100000111110010101101110000011110110010110000101110010010010110010000010011001111010001011001010111100001000101011010101000101100001000010110001100000001011100110000010110111110010100100010010111111001111010101010100010110000010101011
1001010010011110000110101001010101001111001001011100000010001010000111010011010111110101100101011000011100000010111000111100001101011111111010111010000011000011010001100010011000110000000010001010100010000110010011011000011011001011101011110110001100110100101111111001110110010001000000100100100011100010010010011111100111001101
1111000001110111111000111001111110010110110010101000001110110111110101111110010100100100101000111001011010011000100111000000000011110110000000101100010101110101010011111100010010111011001101000110101010110001101000011101111100001110011101010110011000011010110010110001101000110101010011100011110010110111100110110101101001111000
11000010100010101111111100011010011100101111100000100010001000001111101010001101100011010001110010001110110011011011111111100010001010101111011100110011000111000100101011110101011101011001111010001001100110111111011110110010111011010001001001100100101001111100010101011011111000110010100001000010110011001111001010101010001000101
100111010110001101111000011101010001111100101110101100011111111001110011010000000000111110110111001011010000110100000110111100010101001011111100010010101110101101111001011010111110100110011100010111110111101001100100010100010011101000100110100010111101101010010101011101000111111011100111101100001001010001100000001010111010111101
111111101010100011111000000000100101100010101010110000110000111011110000100001101101011001000101011101000111001111100110111000100110100001110111111001000111100110011110111001101010010001101011101001000100100001100000001010101011000010101111101111100010111001111000001000100111000001111011110100011111101011011001100000001100000010
1100111000000110001110000011101110111011111011001011101010000110101100011110001101110010111111100101000011000000011101101110100111011101101110100001011110110010100011000010100101000111000001000000000111100001011000100011110111110101011010110010010100000100100001101100101101110111101100011100000101000111100111001101011000110111111
10100110101011010101101000011110011101000010000100001110000001110001010100010011011011110001000010000101011111010011010100101101100010001111101100000100111101111010110111001110010011001001110011101010000000101100100100101001101001101110000110000010000011011110000101101110010101111111011111010101001000101000010011001011010011000001
100001101101100000111011000111100010100100001011101101011010010100110111000000101001010001000111110101101110111010111000010100010011101111101100000010000110100001111001111100010111100000001111011101010111100110111101001001000101000011001011100010100100100000010010011010100000100111101000010110101110001100101001100110110011010000000
110110100010111011101000001011010110001100011100001111001010100011000001100011000100101111010000000110011010110101010010111010000000000001101001100010101110010001010000110110001001111001011101111010100111101100100001101110010010010000111100010010110100111100000011001000010011010111100100010001010111010001101100000000001101101000001
1011000010000011100100011010010111000110000100111111100100100110111111000100011101110000000010111111100001001110000001011001110010011110001010101100100110100110011001010110010100001011001101101010111111111010011011110110111010111010100000111110101011001011100010101100010110011111111001100101000000101011110010101100111000000111000001
10001110110011011000001011011110001110111101000100001011101111011010111010000110110010101111101000000010100100100101011110001000010011110010111111000111100011000100011011101000101011010011001011010010100111000000000000100101101001100101000100001000001110011000011000101011000111010110110000111001011100110000000001100111001110100000010
11100111000011110100101110110001000111101101101100001000010100010010110010101010100000101111111111111110101110010101101001010110100111100100010100101100010111110111100110011011001100101100111000101010100110010011011111011101000000111001001011111101100111110100101110001101111011010101111101100001100010001110010111001110001111011000011
101110101110111001100111010001111010110101010110000010100000011101101101100110001010011011111101000000001010010111011000111011110111011010111010011110011111010111100000010000011111000000000000011111101001101010011100000000010101010011110010000000101110110001101000110111001000010101100101110011010111110111110011000110101011101111000101
1001011100111011000001101001000000011110011000011100011100011000000000011111011011110100001111101000000000000001010000110000110101100010111011101000100000010010110011101000011111000100101100111100100111110011100110111111011111101011010111011100000011011110000001110101000110111110000010101011111100100001001100110000000011101101010001000
1111010010110010001110100011001111110101000011001100110000011011101110001100001101000111101111010000000001010100001011111000010100011110010010111100010100001101101111101010100010111100101101000000100101000000111010011111100010010101110101101100001001010100001110111100000000000000101111011010010111100000001011001000111001001011001001101
11000101111101101010000001100010000010011011011101001001100110011101110101011101000111011111110111000000001010101011100101001001010000001001110100100110100100000100011010011000010000001011001111101001100110100100001011111000010000001001101001000001100110010010000110001000110111110110010000110010100000001010111111000111100111000011010101
101000000010011111011110101111100000001000011110110101111101001111011100110111110110000011101110001000000010101001101000100001011110011111100001100001001000101110010010111101100100111110000110111101110001110101011011111110100100010111000010110100010110000110011111101101000110111111100001100000101011100001100011000001110110000011100100010
1000000110010001100101110111011110000011011111010011111001010000011001011100011011110111111101101000000000011111111000101001010101000100000110000000101111101001110110110010000100110111111100000111010111110101001111101011101100110011000001111111100100010111000110000011110001101111110010011100110111111100010111010111010110010111011111110111
1101000110100101100001101101011010000100100011001010101000111010010101000011011010101000011011011001000000110101000101101101100000111000000010001100111000101111101001001001110001011111101100111111000110000011111011001011100001010101111010010110000111000111111010000001011010100111101110101000111101011000100011101111100101000111111100011001
10101001100110111000111100100111000001000000010011110100010001010101110011111110110100000011001000001000001010100111110010110110101111100001000001101101000011001011111111011110110010111101001000110011101111001001010110111001110001000111100010101101011011111000000000101001100010111100001000101110101010100111011000110111011011111011100010000
100010010011011100101001010010010010001100100101101001001011000101000011100011010001001000110100011010000010001010000100000100010110110100001010011010100001001001001001000101100111110111010110000101100011111101000110000010101111011110110110101011110010100110111010000110100110111111001111101110110010101101011110110110100000100111011000101001
110111100000010011110000110111001010010100101000000111101101001111110010000011000111101001001101011011000011011111000010011011001100110000010010101000001001100010101001000001011110001110111111001100000001110110010000111001111101100111110011000001011110000101111010001011110011010110110000110100101000000010011001111101011100000110110100111001
1011001110011110000011010001001011100100001001101110000111000010100110101100110011000110010000001110101000101101001000110011111100011100100011101000010101010101011110010000111000110000110010101010001100101110011010110111100101101000110101001101101010000101100110100010010011010010110000000100011011010101111111000110011111100101110001101100010
10010001010100000100001011000000100110110101110101111000100101100100100111101001100000011011001111010000001001001000001000111010110000010100101111101010110100001110011011001000100100010101010100011101100111101001100111110110101010101110011100101110101110110010101110011110001101101100110001011000000010110010010010110001011000110101000010011011
11101011000111110100100101001010000011010111000011101001011101111001011101001111111001001101010001000101001110110001001111011010010011111001001100101101011110111010001101001111101010011011101001101111001101011100111110110011010111110101000110011011111111011111100010110000101000000010110001111011011101100010001011100101010101100011001111111101
101111100011011111000110000001010101010001100111001100010000011011110000100111001011001101000100000010101010111111001011000010101000100001101111100011000010011001000101000011000001110110000111110001100110101000110100110101010000010100011100011001010101110010010010001001110110101101111100011010011100000010100011110010110101110011000010010011000
1001100111100011101101010101010100101101100011111101001011100001010111100010001001010010110101110001011010100110101010100111101111011000000111001001000101110010000010110101100111111001001100100111111100000010100011100101011101011010011000101001100110101101110001110011111111011101110010010101001110111101110110101001111100000011111011100010010101
1111100011111111100110000101011111010111110000110110101101100100110101100111000010101100011110010001101111111110100100000000000100011100010101000101011110000101001011011110000000000111111101100110001000110111101010001100000111011100111100001100110001011100000100000101001110010011100001111000100010011110001011001000010010110010010011110100101101